4604049011087
4604049011117
4604049096275
4604049096756
8006540156711
4600905000974
4604049013609
4604049089581
9000100548113
4604049091447
4604049014132
4604049014019
4604049014095
460049012268
4604049012268
4604049097043
4604049097418
4604049098217
4604049101641
4604049098224
4627096271624
4627096271440
4627096271464
9000101409321
9000101409581
9000101409468
4752171000490
4604857001256
4607019830749
4605331030304
4605331019309
9011111035769
5029053541617
5029053541624
4607056070818
4690329010871
4610003252670
4610003252762
4600680009919
4600680009896
4600680009902
4600680014616
4606272014729
4606272013845
4620017456742
4690329010864
4620017458494
5900020035516
4606272024070
4600680004952
4607006370098
4606272024094
4607006370562
4606272018567
4606272009671
4607006370951
4606272040582
4606272024032
4607035481031
4607064328345
4602112503606
4602112502333
4602112100393
460622018437
4606272018437
4606272010738
4600680009384
4606272010486
4606272010424
4600680012773
4606272010752
4602112506867
4602112101772
